/*--------------------------------*- C++ -*----------------------------------*\
| =========                 |                                                 |
| \\      /  F ield         | OpenFOAM: The Open Source CFD Toolbox           |
|  \\    /   O peration     | Version:  v1806                                 |
|   \\  /    A nd           | Web:      www.OpenFOAM.com                      |
|    \\/     M anipulation  |                                                 |
\*---------------------------------------------------------------------------*/
FoamFile
{
    version     2.0;
    format      ascii;
    class       faceSet;
    location    "constant/polyMesh/sets";
    object      layerFaces;
}
// * * * * * * * * * * * * * * * * * * * * * * * * * * * * * * * * * * * * * //


7680
(
1425408
1425411
1409027
1425412
1425413
1425414
1425415
1409031
1425416
1425417
1425419
1409035
1425421
1425423
1425425
1409042
1425427
1409045
1425430
1425431
1425432
1409048
1425433
1425434
1425435
1409051
1425436
1409054
1425439
1409057
1425442
1425445
1409062
1425448
1409066
1425451
1409070
1425456
1409074
1425459
1425462
1409078
1425465
1409082
1425468
1425471
1409089
1409091
1425476
1425477
1409093
1425478
1425479
1409095
1425480
1425481
1409097
1425482
1409099
1425484
1425486
1409102
1425488
1409105
1425490
1425492
1409108
1425495
1409111
1409114
1425499
1409117
1425503
1409122
1425507
1409126
1425511
1409130
1425515
1409134
1425522
1409138
1425525
1409142
1425528
1425531
1409149
1425534
1425537
1409154
1425542
1425543
1409159
1425544
1425545
1425546
1425547
1425548
1409164
1425550
1425552
1409169
1425554
1425556
1425558
1409174
1425561
1425564
1425567
1409183
1409185
1425570
1409187
1425573
1409189
1409191
1425576
1409193
1409196
1425581
1425584
1409201
1425587
1425590
1409206
1425593
1409211
1425596
1409216
1425601
1425604
1409221
1425607
1425610
1425613
1409230
1425616
1409234
1425621
1409238
1425626
1409242
1409246
1425631
1409250
1425636
1425641
1409257
1409261
1425646
1409265
1409269
1425655
1425657
1409273
1425659
1425661
1409277
1425663
1425665
1425668
1409284
1425670
1409287
1425672
1425674
1409290
1425676
1409293
1425678
1409296
1425681
1425683
1409299
1425685
1425687
1409304
1425689
1425691
1409308
1425694
1425696
1409312
1425698
1425700
1409316
1425702
1425704
1409320
1425707
1409324
1425709
1425711
1425713
1425715
1409331
1425717
1425720
1409336
1425721
1425722
1425723
1425724
1425725
1409341
1425726
1425727
1425728
1425729
1425730
1409346
1425731
1425732
1425734
1409351
1425736
1425738
1425740
1409356
1425742
1425745
1425748
1409365
1425751
1409367
1409369
1425754
1409371
1425757
1409373
1409375
1425760
1409378
1409380
1425765
1409382
1425767
1409384
1425769
1409386
1425771
1409388
1425773
1425775
1409391
1425778
1409394
1425779
1425780
1425781
1409397
1425782
1425783
1425784
1409400
1425785
1425786
1425787
1409403
1425788
1425789
1425790
1409406
1425792
1425794
1409411
1425796
1425798
1409414
1425800
1409417
1425803
1409420
1425805
1425807
1409423
1425809
1409426
1425811
1425813
1409431
1425816
1425817
1425818
1425819
1409435
1425820
1425821
1425822
1409439
1425825
1409443
1425828
1425831
1409447
1425834
1409451
1425837
1425842
1409458
1425843
1425844
1425845
1409461
1425846
1425847
1425848
1409464
1425849
1425850
1425851
1409467
1425852
1425853
1425854
1409470
1425856
1409473
1425858
1425860
1425862
1409478
1425864
1409482
1425867
1425869
1409486
1425871
1425873
1409490
1425875
1425877
1409494
1425880
1425882
1409498
1425884
1425886
1425888
1409505
1425890
1425893
1409509
1425896
1409513
1425899
1409517
1425902
1425905
1409521
1425908
1409525
1425913
1409532
1425917
1409536
1425921
1409540
1425925
1409544
1425929
1409548
1425933
1409552
1425940
1425942
1409559
1425944
1425946
1409562
1425948
1409565
1425950
1409568
1425953
1425954
1425955
1409571
1425956
1425957
1425958
1409574
1425959
1425962
1409579
1425965
1409581
1409583
1425968
1409585
1425971
1409587
1409589
1425974
1409592
1425979
1409595
1425981
1409598
1425983
1425985
1409601
1425987
1409604
1425989
1409607
1425992
1425994
1425996
1409612
1425998
1409614
1426000
1409616
1426002
1409618
1409620
1426005
1426006
1409622
1426007
1426008
1426009
1409625
1426010
1426011
1409629
1426015
1409633
1426019
1409637
1426023
1409641
1426027
1409645
1426031
1409652
1426038
1409655
1426041
1409658
1426044
1409661
1426047
1409664
1426050
1409667
1426053
1409672
1426058
1426059
1409675
1426060
1426061
1426062
1409678
1426063
1426064
1409681
1426066
1426068
1409684
1426070
1409687
1426072
1426074
1409692
1426077
1426079
1409695
1426081
1409698
1426083
1426085
1409701
1426087
1409704
1426090
1409707
1426092
1426094
1426096
1409712
1426098
1426100
1409716
1426103
1409720
1426105
1426107
1409724
1426109
1426111
1409728
1426113
1426116
1409732
1426118
1426120
1426122
1409739
1426124
1426126
1409743
1426129
1426131
1409747
1426133
1426135
1409751
1426137
1426139
1409755
1426142
1409759
1426144
1426146
1426148
1426150
1409766
1426152
1426155
1409771
1426156
1426157
1426158
1426159
1426160
1409776
1426161
1426164
1409781
1426167
1426170
1409786
1426173
1409791
1426176
1426181
1426184
1409800
1426187
1409803
1426190
1409806
1426193
1409809
1426196
1409812
1409815
1426201
1426202
1426203
1426204
1409820
1426205
1426206
1426207
1409824
1426209
1426211
1409828
1426213
1426215
1409832
1426217
1426220
1409836
1426224
1409840
1426228
1409847
1426232
1409850
1426236
1409853
1426240
1409856
1409859
1409862
1426247
1426250
1409867
1426253
1409870
1426256
1409873
1426259
1409876
1426262
1409879
1409882
1426267
1426268
1426269
1426270
1426271
1409887
1426272
1426273
1426275
1409891
1426277
1426279
1409895
1426281
1426283
1409899
1426286
1409903
1426288
1426290
1409907
1426292
1426294
1426296
1409914
1426299
1409917
1426302
1409920
1426305
1409923
1426308
1409926
1426311
1409929
1426314
1409934
1426319
1409939
1426324
1409944
1426329
1409949
1426334
1409954
1426339
1409959
1426344
1409968
1426353
1426355
1409972
1426357
1426359
1409976
1426361
1426363
1409980
1426366
1426368
1409984
1426370
1426372
1409988
1426374
1426376
1426379
1409995
1426381
1426383
1409999
1426385
1426387
1410003
1426389
1410007
1426392
1426393
1426394
1426395
1410011
1426396
1426397
1426398
1426399
1410015
1426400
1426401
1426402
1426403
1426404
1410022
1426408
1410025
1426412
1410028
1410031
1426416
1410034
1426420
1410037
1426424
1410042
1410045
1426431
1410048
1426433
1426435
1410051
1426437
1410054
1426439
1426441
1410057
1426444
1426446
1410062
1426448
1410064
1426450
1410066
1426452
1410068
1426454
1410070
1410072
1426457
1426458
1426459
1410075
1426460
1426461
1426462
1410078
1426463
1426464
1426465
1410081
1426466
1426467
1426468
1410084
1426469
1426471
1410087
1426473
1410090
1426475
1426477
1426479
1410095
1426482
1426484
1410100
1426486
1426488
1410105
1426490
1426492
1410110
1426495
1426496
1426497
1426498
1426499
1410115
1426500
1426501
1426502
1426503
1426504
1410120
1426505
1426506
1426507
1426509
1426511
1426513
1410129
1426515
1410132
1426517
1410135
1426520
1426522
1410138
1426524
1410141
1426526
1426528
1410144
1426530
1426533
1410149
1426535
1426537
1410153
1426539
1426541
1410157
1426543
1410161
1426546
1426549
1410165
1426552
1410169
1426555
1426558
1410176
1426561
1410179
1426566
1410182
1410185
1426570
1410188
1426574
1410191
1426578
1410196
1426582
1410199
1426586
1410202
1410205
1410208
1426593
1426595
1410211
1426597
1426599
1410216
1426601
1426603
1410220
1426606
1426607
1426608
1410224
1426609
1426610
1426611
1426612
1410228
1426615
1410232
1426618
1410236
1426621
1426624
1426627
1410243
1410247
1426632
1426634
1410251
1426636
1426638
1410255
1426640
1426642
1410259
1426645
1426647
1410263
1426649
1426651
1426653
1410270
1426655
1426658
1410274
1426659
1426660
1426661
1426662
1410278
1426663
1426664
1410282
1426667
1426670
1410286
1426673
1410290
1426676
1426679
1410297
1426684
1410300
1426687
1410303
1426690
1410306
1426693
1410309
1426696
1410312
1426699
1410317
1410319
1426704
1426705
1410321
1426706
1426707
1410323
1426708
1426709
1410325
1426710
1410327
1426712
1426714
1410330
1426716
1410333
1426718
1426720
1410336
1426723
1410339
1426725
1410342
1426727
1426729
1410345
1426731
1426733
1410350
1426736
1426738
1410354
1426740
1426742
1410358
1426744
1426746
1410362
1426749
1426750
1410366
1426751
1426752
1426753
1426754
1410370
1426755
1426757
1426759
1426761
1410377
1426763
1410380
1426765
1410383
1426768
1426769
1426770
1410386
1426771
1426772
1426773
1410389
1426774
1426776
1410392
1426778
1426780
1410397
1426782
1426784
1410400
1426787
1410403
1410406
1426791
1410409
1426795
1410412
1426799
1410417
1426803
1410420
1426807
1410423
1410426
1410429
1426814
1410432
1426817
1426820
1410437
1426823
1410441
1426826
1426829
1410445
1410449
1426834
1426835
1426836
1426837
1410453
1426838
1426839
1426840
1410457
1426842
1426844
1426846
1426848
1410464
1426850
1410467
1426853
1410470
1426856
1410473
1426859
1410476
1426862
1410479
1426865
1426868
1410484
1410486
1410488
1426873
1410490
1426876
1410492
1410494
1426879
1410497
1426882
1410500
1426885
1410503
1426888
1410506
1426893
1410509
1426896
1410512
1426899
1410517
1426902
1426905
1410521
1426908
1410525
1426913
1410529
1410533
1426918
1410537
1426923
1426928
1410544
1426933
1410549
1426938
1410554
1410559
1426947
1410564
1426949
1426951
1426953
1410569
1426955
1426957
1426960
1426962
1410578
1426964
1410581
1426966
1426968
1410584
1426970
1410587
1426973
1410590
1426975
1426977
1410593
1426979
1426981
1410598
1426983
1426986
1410602
1426988
1426990
1410606
1426992
1426994
1410610
1426996
1410614
1426999
1427001
1410618
1427003
1427005
1427007
1427009
1410625
1427012
1410628
1427015
1410631
1427018
1410634
1427021
1410637
1427024
1410640
1427027
1410645
1427032
1410648
1427033
1427034
1427035
1410651
1427036
1427037
1427038
1410654
1427039
1427040
1427041
1410657
1427042
1427043
1427044
1410660
1427047
1410665
1427050
1427053
1410669
1427056
1410673
1427059
1410677
1427064
1410681
1427066
1427068
1410685
1427070
1427072
1427074
1410692
1427077
1427079
1427081
1410697
1427083
1427085
1410702
1427087
1427090
1427091
1410707
1427092
1427093
1427094
1427095
1427096
1410712
1427097
1427098
1427099
1427100
1427101
1410717
1427102
1427104
1427106
1427108
1427110
1410726
1427112
1410728
1410730
1427115
1410732
1427117
1410734
1427119
1410736
1427121
1427123
1410739
1427125
1427128
1410744
1427129
1427130
1427131
1427132
1427133
1410749
1427134
1427135
1427136
1427137
1427138
1410754
1427139
1427140
1427141
1427142
1427143
1410759
1427144
1427145
1427146
1427148
1410764
1427150
1427152
1427154
1427156
1410773
1427159
1427161
1410777
1427163
1427165
1410781
1427167
1427169
1410785
1427172
1410789
1427174
1427176
1410793
1427178
1427180
1427182
1410800
1427185
1427187
1410804
1427189
1427191
1410808
1427193
1427195
1410812
1427198
1410816
1427201
1427204
1410820
1427207
1427210
1410827
1427213
1410831
1427218
1410835
1427220
1427222
1410839
1427224
1427226
1410843
1427228
1427231
1410847
1427232
1427233
1427234
1427235
1427236
1427237
1410854
1427240
1410857
1427243
1410860
1427246
1410863
1427249
1410866
1427252
1410869
1427257
1410874
1427259
1427261
1410878
1427263
1427265
1410882
1427267
1427270
1410886
1427271
1427272
1427273
1427274
1410890
1427275
1427276
1427277
1427278
1410894
1427279
1427280
1427281
1427282
1427285
1410901
1410903
1427288
1410905
1427291
1410907
1410909
1427294
1410911
1427297
1410914
1427302
1410919
1427305
1427308
1410924
1427311
1410929
1427314
1427317
1410934
1427322
1427323
1410939
1427324
1427325
1427326
1427327
1427328
1427330
1427332
1410948
1427334
1410950
1427336
1410952
1427338
1410954
1410956
1427341
1427342
1410958
1427343
1427344
1427345
1410961
1427346
1427347
1410963
1427349
1410965
1427351
1410967
1427353
1410969
1427355
1410971
1427357
1410974
1427360
1410977
1427362
1427364
1410980
1427366
1410983
1427368
1427370
1410986
1427373
1410989
1427375
1427377
1410994
1427379
1427381
1410998
1427383
1427386
1411002
1427388
1427390
1411006
1427392
1427394
1411010
1427396
1411014
1427399
1427400
1427401
1427402
1427403
1427404
1427405
1411021
1427406
1427407
1411023
1427408
1427409
1411025
1427410
1427411
1411027
1427412
1427413
1411029
1427414
1427415
1411031
1427416
1427417
1411034
1427419
1427421
1411038
1427423
1427425
1411042
1427427
1427430
1411046
1427434
1411050
1427438
1411054
1427442
1411061
1427446
1411065
1427450
1411069
1427457
1411073
1427460
1411077
1427463
1411081
1427466
1427469
1427472
1411088
1427477
1411093
1427478
1427479
1427480
1427481
1427482
1411098
1427483
1427485
1427487
1411103
1427489
1427491
1411108
1427493
1427496
1411113
1427499
1427502
1427505
1411122
1427508
1411125
1427511
1411128
1411131
1427516
1427518
1411134
1427520
1411137
1427522
1427524
1427526
1411142
1427529
1411145
1427532
1411148
1427535
1411151
1427538
1411154
1427541
1411157
1427544
1411162
1427549
1411165
1411168
1427553
1411171
1427557
1411174
1427561
1411177
1427565
1411182
1427569
1411186
1411190
1427576
1427578
1411194
1427580
1427582
1411198
1427584
1427586
1411202
1427589
1427590
1427591
1427592
1427593
1411209
1427594
1427595
1427597
1411213
1427599
1427601
1411217
1427603
1427605
1411221
1427608
1411225
1427610
1427612
1411229
1427614
1427616
1427618
1411236
1427621
1411239
1427624
1411242
1427627
1411245
1427630
1411248
1427633
1411251
1427636
1411256
1427641
1427642
1411258
1427643
1427644
1411260
1427645
1427646
1411262
1427647
1427648
1411264
1427649
1427650
1411266
1427651
1427652
1427653
1411269
1427656
1411272
1427659
1411275
1427662
1411278
1427665
1411281
1427668
1411284
1427673
1411289
1427675
1411292
1427677
1427679
1411295
1427681
1411298
1427683
1411301
1427686
1427688
1411304
1427690
1427692
1411309
1427694
1427696
1411313
1427699
1427700
1427701
1411317
1427702
1427703
1427704
1427705
1411321
1427706
1427707
1427708
1427709
1411325
1427710
1411329
1411336
1411339
1411342
1411345
1411348
1411351
1411356
1411359
1411362
1411365
1411368
1411371
1411376
1411379
1411382
1411385
1411388
1411391
1411396
1411400
1411404
1411408
1411412
1411416
1411423
1411426
1411429
1411432
1411435
1411438
1411443
1411445
1411447
1411449
1411451
1411453
1411456
1411459
1411462
1411465
1411468
1411471
1411476
1411481
1411486
1411491
1411496
1411501
1411510
1411513
1411516
1411519
1411522
1411525
1411530
1411534
1411538
1411542
1411546
1411550
1411557
1411560
1411563
1411566
1411569
1411572
1411577
1411580
1411583
1411586
1411589
1411592
1411597
1411601
1411605
1411609
1411613
1411617
1411624
1411627
1411630
1411633
1411636
1411639
1411644
1411649
1411654
1411659
1411664
1411669
1411678
1411682
1411686
1411690
1411694
1411698
1411705
1411709
1411713
1411717
1411721
1411725
1411732
1411735
1411738
1411741
1411744
1411747
1411752
1411755
1411758
1411761
1411764
1411767
1411772
1411777
1411782
1411787
1411792
1411797
1411806
1411808
1411810
1411812
1411814
1411816
1411819
1411823
1411827
1411831
1411835
1411839
1411846
1411847
1411848
1411849
1411850
1411851
1411852
1411855
1411858
1411861
1411864
1411867
1411872
1411875
1411878
1411881
1411884
1411887
1411892
1411896
1411900
1411904
1411908
1411912
1411919
1411923
1411927
1411931
1411935
1411939
1411946
1411951
1411956
1411961
1411966
1411971
1411980
1411983
1411986
1411989
1411992
1411995
1412000
1412004
1412008
1412012
1412016
1412020
1412027
1412031
1412035
1412039
1412043
1412047
1412054
1412058
1412062
1412066
1412070
1412074
1412081
1412084
1412087
1412090
1412093
1412096
1412101
1412103
1412105
1412107
1412109
1412111
1412114
1412117
1412120
1412123
1412126
1412129
1412134
1412137
1412140
1412143
1412146
1412149
1412154
1412158
1412162
1412166
1412170
1412174
1412181
1412184
1412187
1412190
1412193
1412196
1412201
1412204
1412207
1412210
1412213
1412216
1412221
1412224
1412227
1412230
1412233
1412236
1412241
1412244
1412247
1412250
1412253
1412256
1412261
1412265
1412269
1412273
1412277
1412281
1412288
1412292
1412296
1412300
1412304
1412308
1412315
1412319
1412323
1412327
1412331
1412335
1412342
1412347
1412352
1412357
1412362
1412367
1412376
1412379
1412382
1412385
1412388
1412391
1412396
1412400
1412404
1412408
1412412
1412416
1412423
1412426
1412429
1412432
1412435
1412438
1412443
1412446
1412449
1412452
1412455
1412458
1412463
1412468
1412473
1412478
1412483
1412488
1412497
1412500
1412503
1412506
1412509
1412512
1412517
1412520
1412523
1412526
1412529
1412532
1412537
1412542
1412547
1412552
1412557
1412562
1412571
1412575
1412579
1412583
1412587
1412591
1412598
1412602
1412606
1412610
1412614
1412618
1412625
1412627
1412629
1412631
1412633
1412635
1412638
1412642
1412646
1412650
1412654
1412658
1412665
1412668
1412671
1412674
1412677
1412680
1412685
1412689
1412693
1412697
1412701
1412705
1412712
1412717
1412722
1412727
1412732
1412737
1412746
1412748
1412750
1412752
1412754
1412756
1412759
1412763
1412767
1412771
1412775
1412779
1412786
1412787
1412788
1412789
1412790
1412791
1412792
1412795
1412798
1412801
1412804
1412807
1412812
1412815
1412818
1412821
1412824
1412827
1412832
1412836
1412840
1412844
1412848
1412852
1412859
1412863
1412867
1412871
1412875
1412879
1412886
1412889
1412892
1412895
1412898
1412901
1412906
1412910
1412914
1412918
1412922
1412926
1412933
1412937
1412941
1412945
1412949
1412953
1412960
1412964
1412968
1412972
1412976
1412980
1412987
1412990
1412993
1412996
1412999
1413002
1413007
1413009
1413011
1413013
1413015
1413017
1413020
1413023
1413026
1413029
1413032
1413035
1413040
1413042
1413044
1413046
1413048
1413050
1413053
1413057
1413061
1413065
1413069
1413073
1413080
1413083
1413086
1413089
1413092
1413095
1413100
1413103
1413106
1413109
1413112
1413115
1413120
1413123
1413126
1413129
1413132
1413135
1413140
1413143
1413146
1413149
1413152
1413155
1413160
1413164
1413168
1413172
1413176
1413180
1413187
1413191
1413195
1413199
1413203
1413207
1413214
1413218
1413222
1413226
1413230
1413234
1413241
1413245
1413249
1413253
1413257
1413261
1413268
1413272
1413276
1413280
1413284
1413288
1413295
1413298
1413301
1413304
1413307
1413310
1413315
1413319
1413323
1413327
1413331
1413335
1413342
1413344
1413346
1413348
1413350
1413352
1413355
1413358
1413361
1413364
1413367
1413370
1413375
1413379
1413383
1413387
1413391
1413395
1413402
1413405
1413408
1413411
1413414
1413417
1413422
1413427
1413432
1413437
1413442
1413447
1413456
1413459
1413462
1413465
1413468
1413471
1413476
1413480
1413484
1413488
1413492
1413496
1413503
1413505
1413507
1413509
1413511
1413513
1413516
1413520
1413524
1413528
1413532
1413536
1413543
1413546
1413549
1413552
1413555
1413558
1413563
1413566
1413569
1413572
1413575
1413578
1413583
1413585
1413587
1413589
1413591
1413593
1413596
1413599
1413602
1413605
1413608
1413611
1413616
1413621
1413626
1413631
1413636
1413641
1413650
1413653
1413656
1413659
1413662
1413665
1413670
1413674
1413678
1413682
1413686
1413690
1413697
1413701
1413705
1413709
1413713
1413717
1413724
1413728
1413732
1413736
1413740
1413744
1413751
1413754
1413757
1413760
1413763
1413766
1413771
1413774
1413777
1413780
1413783
1413786
1413791
1413794
1413797
1413800
1413803
1413806
1413811
1413815
1413819
1413823
1413827
1413831
1413838
1413842
1413846
1413850
1413854
1413858
1413865
1413868
1413871
1413874
1413877
1413880
1413885
1413887
1413889
1413891
1413893
1413895
1413898
1413901
1413904
1413907
1413910
1413913
1413918
1413920
1413922
1413924
1413926
1413928
1413931
1413935
1413939
1413943
1413947
1413951
1413958
1413961
1413964
1413967
1413970
1413973
1413978
1413981
1413984
1413987
1413990
1413993
1413998
1414001
1414004
1414007
1414010
1414013
1414018
1414021
1414024
1414027
1414030
1414033
1414038
1414042
1414046
1414050
1414054
1414058
1414065
1414069
1414073
1414077
1414081
1414085
1414092
1414096
1414100
1414104
1414108
1414112
1414119
1414124
1414129
1414134
1414139
1414144
1414153
1414156
1414159
1414162
1414165
1414168
1414173
1414177
1414181
1414185
1414189
1414193
1414200
1414203
1414206
1414209
1414212
1414215
1414220
1414223
1414226
1414229
1414232
1414235
1414240
1414245
1414250
1414255
1414260
1414265
1414274
1414277
1414280
1414283
1414286
1414289
1414294
1414297
1414300
1414303
1414306
1414309
1414314
1414319
1414324
1414329
1414334
1414339
1414348
1414352
1414356
1414360
1414364
1414368
1414375
1414379
1414383
1414387
1414391
1414395
1414402
1414405
1414408
1414411
1414414
1414417
1414422
1414425
1414428
1414431
1414434
1414437
1414442
1414447
1414452
1414457
1414462
1414467
1414476
1414477
1414478
1414479
1414480
1414481
1414482
1414485
1414488
1414491
1414494
1414497
1414502
1414505
1414508
1414511
1414514
1414517
1414522
1414526
1414530
1414534
1414538
1414542
1414549
1414554
1414559
1414564
1414569
1414574
1414583
1414587
1414591
1414595
1414599
1414603
1414610
1414613
1414616
1414619
1414622
1414625
1414630
1414633
1414636
1414639
1414642
1414645
1414650
1414654
1414658
1414662
1414666
1414670
1414677
1414681
1414685
1414689
1414693
1414697
1414704
1414707
1414710
1414713
1414716
1414719
1414724
1414726
1414728
1414730
1414732
1414734
1414737
1414740
1414743
1414746
1414749
1414752
1414757
1414759
1414761
1414763
1414765
1414767
1414770
1414774
1414778
1414782
1414786
1414790
1414797
1414800
1414803
1414806
1414809
1414812
1414817
1414820
1414823
1414826
1414829
1414832
1414837
1414840
1414843
1414846
1414849
1414852
1414857
1414860
1414863
1414866
1414869
1414872
1414877
1414881
1414885
1414889
1414893
1414897
1414904
1414907
1414910
1414913
1414916
1414919
1414924
1414926
1414928
1414930
1414932
1414934
1414937
1414940
1414943
1414946
1414949
1414952
1414957
1414961
1414965
1414969
1414973
1414977
1414984
1414988
1414992
1414996
1415000
1415004
1415011
1415015
1415019
1415023
1415027
1415031
1415038
1415041
1415044
1415047
1415050
1415053
1415058
1415062
1415066
1415070
1415074
1415078
1415085
1415087
1415089
1415091
1415093
1415095
1415098
1415101
1415104
1415107
1415110
1415113
1415118
1415123
1415128
1415133
1415138
1415143
1415152
1415155
1415158
1415161
1415164
1415167
1415172
1415176
1415180
1415184
1415188
1415192
1415199
1415201
1415203
1415205
1415207
1415209
1415212
1415217
1415222
1415227
1415232
1415237
1415246
1415250
1415254
1415258
1415262
1415266
1415273
1415276
1415279
1415282
1415285
1415288
1415293
1415297
1415301
1415305
1415309
1415313
1415320
1415323
1415326
1415329
1415332
1415335
1415340
1415344
1415348
1415352
1415356
1415360
1415367
1415368
1415369
1415370
1415371
1415372
1415373
1415376
1415379
1415382
1415385
1415388
1415393
1415395
1415397
1415399
1415401
1415403
1415406
1415409
1415412
1415415
1415418
1415421
1415426
1415431
1415436
1415441
1415446
1415451
1415460
1415463
1415466
1415469
1415472
1415475
1415480
1415484
1415488
1415492
1415496
1415500
1415507
1415512
1415517
1415522
1415527
1415532
1415541
1415544
1415547
1415550
1415553
1415556
1415561
1415564
1415567
1415570
1415573
1415576
1415581
1415585
1415589
1415593
1415597
1415601
1415608
1415612
1415616
1415620
1415624
1415628
1415635
1415638
1415641
1415644
1415647
1415650
1415655
1415657
1415659
1415661
1415663
1415665
1415668
1415671
1415674
1415677
1415680
1415683
1415688
1415690
1415692
1415694
1415696
1415698
1415701
1415705
1415709
1415713
1415717
1415721
1415728
1415731
1415734
1415737
1415740
1415743
1415748
1415751
1415754
1415757
1415760
1415763
1415768
1415770
1415772
1415774
1415776
1415778
1415781
1415783
1415785
1415787
1415789
1415791
1415794
1415798
1415802
1415806
1415810
1415814
1415821
1415824
1415827
1415830
1415833
1415836
1415841
1415845
1415849
1415853
1415857
1415861
1415868
1415873
1415878
1415883
1415888
1415893
1415902
1415906
1415910
1415914
1415918
1415922
1415929
1415932
1415935
1415938
1415941
1415944
1415949
1415952
1415955
1415958
1415961
1415964
1415969
1415971
1415973
1415975
1415977
1415979
1415982
1415985
1415988
1415991
1415994
1415997
1416002
1416007
1416012
1416017
1416022
1416027
1416036
1416039
1416042
1416045
1416048
1416051
1416056
1416060
1416064
1416068
1416072
1416076
1416083
1416085
1416087
1416089
1416091
1416093
1416096
1416101
1416106
1416111
1416116
1416121
1416130
1416134
1416138
1416142
1416146
1416150
1416157
1416161
1416165
1416169
1416173
1416177
1416184
1416187
1416190
1416193
1416196
1416199
1416204
1416207
1416210
1416213
1416216
1416219
1416224
1416229
1416234
1416239
1416244
1416249
1416258
1416260
1416262
1416264
1416266
1416268
1416271
1416273
1416275
1416277
1416279
1416281
1416284
1416287
1416290
1416293
1416296
1416299
1416304
1416308
1416312
1416316
1416320
1416324
1416331
1416333
1416335
1416337
1416339
1416341
1416344
1416348
1416352
1416356
1416360
1416364
1416371
1416374
1416377
1416380
1416383
1416386
1416391
1416394
1416397
1416400
1416403
1416406
1416411
1416415
1416419
1416423
1416427
1416431
1416438
1416439
1416440
1416441
1416442
1416443
1416444
1416446
1416448
1416450
1416452
1416454
1416457
1416460
1416463
1416466
1416469
1416472
1416477
1416480
1416483
1416486
1416489
1416492
1416497
1416501
1416505
1416509
1416513
1416517
1416524
1416527
1416530
1416533
1416536
1416539
1416544
1416547
1416550
1416553
1416556
1416559
1416564
1416568
1416572
1416576
1416580
1416584
1416591
1416593
1416595
1416597
1416599
1416601
1416604
1416606
1416608
1416610
1416612
1416614
1416617
1416620
1416623
1416626
1416629
1416632
1416637
1416640
1416643
1416646
1416649
1416652
1416657
1416660
1416663
1416666
1416669
1416672
1416677
1416679
1416681
1416683
1416685
1416687
1416690
1416693
1416696
1416699
1416702
1416705
1416710
1416713
1416716
1416719
1416722
1416725
1416730
1416732
1416734
1416736
1416738
1416740
1416743
1416746
1416749
1416752
1416755
1416758
1416763
1416766
1416769
1416772
1416775
1416778
1416783
1416785
1416787
1416789
1416791
1416793
1416796
1416799
1416802
1416805
1416808
1416811
1416816
1416819
1416822
1416825
1416828
1416831
1416836
1416838
1416840
1416842
1416844
1416846
1416849
1416852
1416855
1416858
1416861
1416864
1416869
1416873
1416877
1416881
1416885
1416889
1416896
1416899
1416902
1416905
1416908
1416911
1416916
1416919
1416922
1416925
1416928
1416931
1416936
1416939
1416942
1416945
1416948
1416951
1416956
1416958
1416960
1416962
1416964
1416966
1416969
1416973
1416977
1416981
1416985
1416989
1416996
1417001
1417006
1417011
1417016
1417021
1417030
1417033
1417036
1417039
1417042
1417045
1417050
1417054
1417058
1417062
1417066
1417070
1417077
1417080
1417083
1417086
1417089
1417092
1417097
1417101
1417105
1417109
1417113
1417117
1417124
1417128
1417132
1417136
1417140
1417144
1417151
1417154
1417157
1417160
1417163
1417166
1417171
1417173
1417175
1417177
1417179
1417181
1417184
1417186
1417188
1417190
1417192
1417194
1417197
1417201
1417205
1417209
1417213
1417217
1417224
1417227
1417230
1417233
1417236
1417239
1417244
1417245
1417246
1417247
1417248
1417249
1417250
1417251
1417252
1417253
1417254
1417255
1417256
1417259
1417262
1417265
1417268
1417271
1417276
1417279
1417282
1417285
1417288
1417291
1417296
1417299
1417302
1417305
1417308
1417311
1417316
1417319
1417322
1417325
1417328
1417331
1417336
1417340
1417344
1417348
1417352
1417356
1417363
1417368
1417373
1417378
1417383
1417388
1417397
1417400
1417403
1417406
1417409
1417412
1417417
1417421
1417425
1417429
1417433
1417437
1417444
1417447
1417450
1417453
1417456
1417459
1417464
1417467
1417470
1417473
1417476
1417479
1417484
1417488
1417492
1417496
1417500
1417504
1417511
1417516
1417521
1417526
1417531
1417536
1417545
1417548
1417551
1417554
1417557
1417560
1417565
1417569
1417573
1417577
1417581
1417585
1417592
1417594
1417596
1417598
1417600
1417602
1417605
1417607
1417609
1417611
1417613
1417615
1417618
1417622
1417626
1417630
1417634
1417638
1417645
1417650
1417655
1417660
1417665
1417670
1417679
1417682
1417685
1417688
1417691
1417694
1417699
1417703
1417707
1417711
1417715
1417719
1417726
1417728
1417730
1417732
1417734
1417736
1417739
1417743
1417747
1417751
1417755
1417759
1417766
1417771
1417776
1417781
1417786
1417791
1417800
1417803
1417806
1417809
1417812
1417815
1417820
1417824
1417828
1417832
1417836
1417840
1417847
1417851
1417855
1417859
1417863
1417867
1417874
1417879
1417884
1417889
1417894
1417899
1417908
1417911
1417914
1417917
1417920
1417923
1417928
1417932
1417936
1417940
1417944
1417948
1417955
1417959
1417963
1417967
1417971
1417975
1417982
1417987
1417992
1417997
1418002
1418007
1418016
1418019
1418022
1418025
1418028
1418031
1418036
1418040
1418044
1418048
1418052
1418056
1418063
1418067
1418071
1418075
1418079
1418083
1418090
1418095
1418100
1418105
1418110
1418115
1418124
1418127
1418130
1418133
1418136
1418139
1418144
1418148
1418152
1418156
1418160
1418164
1418171
1418173
1418175
1418177
1418179
1418181
1418184
1418188
1418192
1418196
1418200
1418204
1418211
1418216
1418221
1418226
1418231
1418236
1418245
1418248
1418251
1418254
1418257
1418260
1418265
1418269
1418273
1418277
1418281
1418285
1418292
1418294
1418296
1418298
1418300
1418302
1418305
1418309
1418313
1418317
1418321
1418325
1418332
1418336
1418340
1418344
1418348
1418352
1418359
1418362
1418365
1418368
1418371
1418374
1418379
1418382
1418385
1418388
1418391
1418394
1418399
1418402
1418405
1418408
1418411
1418414
1418419
1418421
1418423
1418425
1418427
1418429
1418432
1418434
1418436
1418438
1418440
1418442
1418445
1418446
1418447
1418448
1418449
1418450
1418451
1418452
1418453
1418454
1418455
1418456
1418457
1418458
1418459
1418460
1418461
1418462
1418463
1418466
1418469
1418472
1418475
1418478
1418483
1418485
1418487
1418489
1418491
1418493
1418496
1418498
1418500
1418502
1418504
1418506
1418509
1418510
1418511
1418512
1418513
1418514
1418515
1418519
1418523
1418527
1418531
1418535
1418542
1418547
1418552
1418557
1418562
1418567
1418576
1418578
1418580
1418582
1418584
1418586
1418589
1418592
1418595
1418598
1418601
1418604
1418609
1418611
1418613
1418615
1418617
1418619
1418622
1418624
1418626
1418628
1418630
1418632
1418635
1418637
1418639
1418641
1418643
1418645
1418648
1418650
1418652
1418654
1418656
1418658
1418661
1418663
1418665
1418667
1418669
1418671
1418674
1418676
1418678
1418680
1418682
1418684
1418687
1418688
1418689
1418690
1418691
1418692
1418693
1418696
1418699
1418702
1418705
1418708
1418713
1418716
1402335
1418719
1418722
1402339
1418725
1402343
1418728
1402347
1418733
1418734
1402351
1418735
1418736
1418737
1418738
1402355
1418739
1418743
1402362
1418747
1402367
1418751
1418755
1402372
1418759
1402377
1402382
1418766
1418769
1402387
1418772
1418775
1418778
1402396
1418781
1402400
1418786
1402404
1418788
1418790
1402408
1418792
1418794
1402412
1418796
1418799
1402416
1418800
1418801
1418802
1418803
1418804
1418805
1402423
1418808
1418811
1402428
1418814
1402433
1418817
1418820
1402438
1418825
1402443
1418828
1418831
1402448
1418834
1418837
1418840
1402457
1402461
1418845
1402465
1418850
1402469
1418855
1402473
1418860
1402477
1418865
1402484
1418870
1402488
1402492
1418879
1402496
1418881
1418883
1402500
1418885
1418887
1402504
1418889
1418892
1418894
1402511
1418896
1418898
1402516
1418900
1418902
1402521
1418905
1418907
1418909
1402526
1418911
1418913
1402531
1418915
1418918
1418919
1402536
1418920
1418921
1418922
1418923
1418924
1418925
1418926
1418927
1418928
1402545
1418929
1418930
1418932
1402549
1418934
1418936
1402553
1418938
1418940
1402557
1418943
1418944
1402561
1418945
1418946
1418947
1418948
1402565
1418949
1418953
1402572
1418957
1402577
1418961
1418965
1402582
1418969
1402587
1402592
1418976
1418979
1402597
1418982
1418985
1418988
1402606
1418991
1402609
1402612
1418996
1402615
1418999
1402618
1419002
1402621
1419005
1419008
1402626
1419011
1402630
1419016
1419017
1402634
1419018
1419019
1419020
1419021
1402638
1419022
1419023
1419024
1419025
1402642
1419026
1419027
1419028
1402646
1419031
1419034
1402653
1419037
1419040
1402657
1419043
1402661
1419048
1402665
1419050
1419052
1402669
1419054
1419056
1402673
1419058
1419061
1402680
1419064
1419067
1402684
1419070
1402688
1419073
1402692
1419076
1402696
1419081
1419083
1402700
1419085
1419087
1419089
1402707
1419091
1419094
1402712
1419098
1402717
1419102
1402722
1419106
1419110
1402727
1419114
1402732
1419121
1419124
1402741
1419127
1402746
1419130
1419133
1402751
1419136
1402756
1419141
1419143
1402761
1419145
1419147
1419149
1402766
1419151
1419154
1419155
1419156
1419157
1419158
1402775
1419159
1419160
1402778
1419162
1419164
1402781
1419166
1402784
1419168
1419170
1402787
1419173
1402790
1419174
1419175
1419176
1419177
1419178
1402795
1419179
1402798
1419183
1402801
1419187
1402804
1402807
1419191
1402810
1419195
1402815
1419199
1402819
1419206
1402823
1419209
1402827
1419212
1402831
1419215
1419218
1402835
1419221
1402842
1419226
1402846
1419230
1402850
1419234
1402854
1419238
1402858
1419242
1402862
1419246
1402869
1419253
1419256
1402874
1419259
1419262
1402879
1419265
1402884
1419268
1402889
1419273
1419275
1419277
1402894
1419279
1419281
1419283
1419286
1402903
1419290
1402907
1419294
1402911
1419298
1402915
1419302
1402919
1419306
1402923
1419313
1402930
1419316
1402935
1419319
1419322
1402940
1419325
1419328
1402945
1419333
1402950
1419334
1419335
1419336
1419337
1419338
1402955
1419339
1419342
1419345
1402964
1419348
1419351
1402968
1419354
1402972
1419359
1402976
1419362
1402980
1419365
1402984
1419368
1419371
1419374
1402991
1419379
1402996
1419381
1419383
1403001
1419385
1419387
1419389
1403006
1419392
1403011
1419395
1419398
1403016
1419401
1419404
1419407
1403025
1419412
1403029
1419414
1419416
1403033
1419418
1419420
1403037
1419422
1403041
1419425
1419428
1403045
1419431
1419434
1403052
1419437
1403056
1419440
1403060
1419445
1419447
1403064
1419449
1419451
1403068
1419453
1419455
1403072
1419458
1419459
1419460
1419461
1419462
1403079
1419463
1419464
1403084
1419469
1403089
1419474
1403094
1419479
1403099
1419484
1403104
1419489
1403113
1419498
1403117
1419503
1403121
1419508
1403125
1403129
1419513
1403133
1419518
1419523
1403140
1403145
1419532
1403150
1419535
1419538
1403155
1419541
1403160
1419544
1419547
1403165
1419552
1419555
1403174
1419558
1403177
1419561
1403180
1419564
1403183
1419567
1403186
1419572
1403189
1419576
1403194
1419580
1403198
1419584
1403202
1419588
1403206
1419592
1403210
1403214
1419599
1419602
1403221
1419605
1419608
1403225
1419611
1403229
1419614
1403233
1419619
1419620
1403237
1419621
1419622
1419623
1419624
1403241
1419625
1419627
1419629
1419631
1403248
1419633
1419635
1403252
1419638
1403256
1419642
1403260
1419646
1403264
1419650
1403268
1419654
1419658
1403275
1403280
1419665
1403285
1419669
1419673
1403290
1419677
1403295
1419681
1403300
1419685
1419692
1403309
1419695
1403313
1419698
1403317
1419701
1419704
1403321
1419707
1403325
1419712
1403329
1419714
1419716
1419718
1403336
1419720
1419722
1403341
1419725
1419726
1419727
1419728
1419729
1403346
1419730
1419731
1403351
1419736
1403356
1419741
1403361
1419746
1419751
1403370
1419756
1403374
1403378
1419765
1403382
1403386
1419770
1403390
1419775
1419780
1403397
1419785
1403402
1419790
1403407
1403412
1419799
1403417
1419802
1419805
1403422
1419808
1419811
1419814
1403431
1403435
1419819
1419822
1403439
1419825
1403443
1419828
1403447
1419831
1419834
1403451
1419839
1403458
1419843
1403462
1419847
1403466
1419851
1403470
1419855
1403474
1419859
1403478
1419866
1419868
1403485
1419870
1419872
1403490
1419874
1419876
1403495
1419879
1419880
1419881
1419882
1419883
1403500
1419884
1419885
1403505
1419889
1419893
1403510
1419897
1419901
1403519
1419905
1403523
1403527
1419912
1403531
1419916
1403535
1419920
1403539
1419924
1419928
1403546
1419932
1403551
1419939
1403556
1419942
1403561
1419945
1419948
1403566
1419951
1419954
1403571
1419959
1419962
1403580
1419965
1403583
1419968
1403586
1419971
1403589
1419974
1403592
1403595
1419979
1419981
1419983
1403600
1419985
1419987
1403604
1419989
1403608
1419992
1419995
1403612
1419998
1403616
1420001
1403620
1420004
1420007
1403627
1420012
1420014
1403631
1420016
1420018
1403635
1420020
1420022
1403639
1420025
1420026
1403643
1420027
1420028
1420029
1420030
1403647
1420031
1420036
1403654
1420041
1403658
1403662
1420046
1403666
1420051
1403670
1420056
1403674
1403681
1420065
1403686
1420070
1403691
1420075
1403696
1420080
1403701
1420085
1403706
1420090
1403715
1420099
1420102
1403719
1420105
1403723
1420108
1403727
1420111
1420114
1403731
1403735
1420119
1420122
1420125
1403742
1420128
1403747
1420131
1420134
1403752
1420139
1403757
1420142
1420145
1403762
1420148
1403767
1420151
1420154
1420159
1403776
1420163
1403780
1420167
1403784
1420171
1403788
1420175
1403792
1420179
1403796
1420186
1403803
1420189
1403808
1420192
1420195
1403813
1420198
1420201
1403818
1420206
1403823
1420207
1420208
1420209
1420210
1420211
1403828
1420212
1420213
1420214
1420215
1420216
1420217
1420218
1403837
1420222
1403841
1420226
1403845
1420230
1403849
1420234
1403853
1420238
1403857
1420245
1403864
1420249
1403868
1420253
1403872
1420257
1403876
1420261
1403880
1420265
1403884
1420272
1403891
1420275
1420278
1403896
1420281
1420284
1403901
1420287
1403906
1420292
1420294
1403911
1420296
1420298
1403916
1420300
1420302
1420305
1420306
1420307
1420308
1403925
1420309
1420310
1420311
1403929
1420315
1403933
1420319
1403937
1420323
1403941
1420327
1403945
1420331
1403952
1420338
1403957
1420343
1403962
1420348
1403967
1420353
1403972
1420358
1403977
1420363
1403986
1420372
1403989
1420375
1403992
1420378
1403995
1420381
1403998
1420384
1404001
1420387
1404006
1420392
1404010
1420395
1404014
1420398
1420401
1404018
1420404
1404022
1420407
1404026
1420412
1420416
1404033
1420420
1404037
1420424
1404041
1420428
1404045
1420432
1404049
1404053
1420439
1420443
1404060
1420447
1404064
1420451
1404068
1420455
1404072
1420459
1404076
1404080
1420466
1420467
1420468
1420469
1420470
1404087
1420471
1420472
1420474
1404092
1420476
1420478
1420480
1404097
1420482
1420485
1404102
1420489
1404107
1420493
1404112
1420497
1420501
1404121
1420505
1404125
1420512
1404129
1420516
1404133
1420520
1404137
1420524
1404141
1420528
1404148
1420532
1404153
1420539
1404158
1420542
1420545
1404163
1420548
1420551
1404168
1420554
1404173
1420559
1420562
1420565
1404182
1420568
1404186
1420571
1404190
1420574
1404194
1420579
1420581
1404198
1420583
1420585
1404202
1420587
1420589
1420592
1404209
1420593
1420594
1420595
1420596
1420597
1404214
1420598
1404219
1420603
1404224
1420608
1404229
1420613
1404234
1420618
1420623
1404243
1404247
1420632
1404251
1420637
1404255
1420642
1404259
1404263
1420647
1420652
1404270
1420657
1404274
1404278
1404282
1420666
1420669
1404286
1420672
1404290
1420675
1420678
1404297
1420681
1404302
1420686
1420689
1404307
1420692
1420695
1404312
1420698
1404317
1420701
1404322
1420706
1420710
1420714
1404331
1420718
1404335
1420722
1404339
1420726
1404343
1404347
1420733
1404351
1420736
1420739
1404358
1420742
1420745
1404363
1420748
1404368
1420753
1420754
1420755
1420756
1404373
1420757
1420758
1420759
1420761
1404378
1420763
1420765
1404383
1420767
1420769
1420772
1404392
1420776
1404395
1420780
1404398
1420784
1404401
1404404
1420788
1404407
1420792
1404412
1420799
1404416
1420803
1404420
1420807
1404424
1420811
1404428
1420815
1404432
1420819
1404439
1420826
1404443
1420829
1404447
1420832
1404451
1420835
1420838
1404455
1420841
1404459
1420846
1420848
1404466
1420850
1420852
1404470
1420854
1420856
1404474
1420859
1420860
1420861
1404478
1420862
1420863
1420864
1420865
1404482
1420869
1404486
1420873
1404493
1420877
1420881
1404498
1420885
1404503
1404508
1420892
1404513
1420897
1404518
1420902
1420907
1404527
1420912
1404531
1420917
1404535
1404539
1420926
1404543
1420929
1404547
1420932
1420935
1404554
1420938
1420941
1404559
1420946
1404564
1420949
1420952
1404569
1420955
1404574
1420958
1420961
1404579
1420966
1420969
1404588
1420972
1420975
1404592
1420978
1404596
1420981
1404600
1420986
1404604
1420990
1404608
1420994
1420998
1404615
1421002
1404620
1421006
1404625
1421013
1404630
1421016
1404635
1421019
1421022
1404640
1421025
1421028
1404649
1421033
1421034
1421035
1421036
1404653
1421037
1421038
1421039
1421040
1404657
1421041
1421042
1421043
1421044
1404661
1421045
1404665
1421049
1404669
1421053
1421057
1404676
1421061
1404680
1421065
1404684
1404688
1421072
1404692
1421076
1404696
1421080
1421084
1404703
1421088
1404708
1421092
1404713
1421099
1404718
1421102
1421105
1404723
1421108
1421111
1404728
1421114
1421119
1404737
1421122
1404741
1421125
1421128
1404745
1421131
1404749
1421134
1404753
1421139
1404757
1421141
1421143
1421145
1421147
1404764
1421149
1421152
1404769
1421153
1421154
1421155
1421156
1421157
1404774
1421158
1421162
1404779
1421166
1404784
1421170
1404789
1421174
1421178
1404798
1404801
1421185
1404804
1421190
1404807
1404810
1421195
1404813
1421200
1404818
1421205
1404822
1404826
1421210
1404830
1404834
1421219
1404838
1421222
1421225
1421228
1404845
1421231
1404849
1421234
1404853
1421239
1404857
1421242
1404861
1421245
1421248
1404865
1421251
1421254
1404872
1421259
1404876
1421263
1404880
1421267
1404884
1421271
1404888
1421275
1404892
1421279
1404899
1421286
1404904
1421289
1421292
1404909
1421295
1404914
1421298
1421301
1404919
1421306
1404924
1421309
1421312
1421315
1404933
1421318
1404937
1421321
1404941
1421326
1421327
1421328
1404945
1421329
1421330
1421331
1421332
1404949
1421333
1421334
1421335
1421336
1404953
1421337
1421338
1421342
1404960
1421346
1404965
1421350
1404970
1421354
1421358
1404975
1404980
1421365
1404985
1421369
1421373
1421377
1404994
1421381
1404998
1421385
1405002
1405006
1421392
1405010
1421395
1405014
1421398
1421401
1421404
1405021
1421407
1405026
1421412
1421414
1405031
1421416
1421418
1405036
1421420
1421422
1405041
1421425
1421426
1421427
1421428
1421429
1405046
1421430
1421431
1421435
1405055
1421439
1405059
1421443
1405063
1421447
1405067
1421451
1405071
1421458
1405075
1421463
1405082
1421468
1405086
1421473
1405090
1405094
1421478
1405098
1421483
1405102
1421492
1405109
1421495
1405114
1421498
1421501
1405119
1421504
1421507
1405124
1421512
1405129
1421515
1405134
1421518
1421521
1421524
1405143
1421527
1405147
1421532
1405151
1421536
1405155
1421540
1405159
1421544
1405163
1421548
1421552
1405170
1405175
1421559
1421562
1405180
1421565
1421568
1405185
1421571
1405190
1421574
1405195
1421579
1421580
1421581
1421582
1421583
1421584
1421585
1405204
1421589
1405207
1421593
1405210
1405213
1421597
1405216
1421601
1405219
1421605
1405224
1405228
1421612
1405232
1421616
1405236
1421620
1405240
1421624
1405244
1421628
1421632
1405251
1405255
1421639
1421642
1405259
1421645
1405263
1421648
1405267
1421651
1421654
1405271
1421659
1405278
1421662
1421665
1405282
1421668
1405286
1421671
1405290
1421674
1405294
1421679
1421681
1405298
1421683
1421685
1421687
1405305
1421689
1421692
1405310
1421694
1421696
1421698
1405315
1421700
1421702
1405320
1421705
1421707
1405325
1421709
1421711
1421713
1405330
1421715
1421718
1421719
1421720
1421721
1421722
1405339
1421723
1421724
1421725
1421726
1405343
1421727
1421728
1421729
1421730
1405347
1421731
1421732
1421733
1421734
1405351
1421735
1421736
1421738
1405355
1421740
1421742
1405359
1421744
1421746
1421749
1405366
1421751
1421753
1405371
1421755
1421757
1421759
1405376
1421762
1421764
1405381
1421766
1421768
1405386
1421770
1421772
1405391
1421775
1421778
1421781
1405400
1421784
1421787
1405404
1421790
1405408
1421795
1405412
1421799
1405416
1421803
1405420
1421807
1405427
1421811
1421815
1405432
1405437
1421822
1421824
1405442
1421826
1421828
1421830
1405447
1421832
1421835
1405452
1421836
1421837
1421838
1421839
1421840
1421841
1421844
1405461
1421847
1405465
1421850
1405469
1421853
1421856
1405473
1405477
1421861
1421863
1405481
1421865
1421867
1421869
1421871
1405488
1421874
1405492
1421876
1421878
1405496
1421880
1421882
1405500
1421884
1421887
1405504
1421889
1421891
1405508
1421893
1421895
1421897
1405515
1421900
1421901
1421902
1421903
1405520
1421904
1421905
1421906
1405525
1421909
1421912
1405530
1421915
1421918
1405535
1421921
1405540
1421926
1421929
1421932
1405549
1421935
1405553
1421938
1405557
1421941
1405561
1421946
1421947
1421948
1405565
1421949
1421950
1421951
1421952
1405569
1421954
1421956
1421958
1405576
1421960
1421962
1405581
1421965
1421967
1421969
1405586
1421971
1421973
1405591
1421975
1421978
1405596
1421980
1421982
1421984
1405601
1421986
1421988
1421991
1421993
1405610
1421995
1405613
1421997
1421999
1405616
1422001
1405619
1422004
1405622
1422006
1422008
1405625
1422010
1422012
1405630
1422014
1422017
1405634
1422019
1422021
1405638
1422023
1422025
1405642
1422027
1405646
1422030
1422031
1422032
1422033
1405650
1422034
1422035
1422036
1422038
1422040
1405657
1422042
1422044
1405661
1422046
1405665
1422049
1422050
1422051
1422052
1405669
1422053
1422054
1422055
1405673
1422057
1422059
1405677
1422061
1422063
1422065
1405684
1422068
1422071
1405688
1422074
1405692
1422077
1405696
1422080
1422083
1405700
1405704
1422088
1422090
1422092
1422094
1405711
1422096
1422098
1405716
1422101
1422104
1405721
1422107
1405726
1422110
1422113
1405731
1422116
1405736
1422121
1422123
1422125
1422127
1405745
1422129
1422131
1405749
1422134
1405753
1422137
1422140
1405757
1422143
1405761
1422146
1405765
1422149
1422154
1405772
1422157
1422160
1405777
1422163
1405782
1422166
1422169
1405787
1422174
1405792
1422177
1422180
1405797
1422183
1422186
1422189
1405806
1405810
1422194
1405814
1422199
1405818
1422204
1405822
1422209
1405826
1422214
1405833
1422219
1405838
1405843
1422228
1422230
1405848
1422232
1422234
1422236
1405853
1422238
1422241
1405858
1422243
1422245
1422247
1422249
1405867
1422251
1422254
1405871
1422256
1422258
1405875
1422260
1422262
1405879
1422264
1405883
1422267
1422269
1405887
1422271
1422273
1422275
1422277
1405894
1422280
1405898
1422283
1405902
1422286
1422289
1405906
1422292
1405910
1422295
1405914
1422300
1422301
1422302
1422303
1422304
1405921
1422305
1422306
1422307
1422308
1422309
1405926
1422310
1422311
1422312
1405931
1422315
1422318
1405936
1422321
1422324
1405941
1422327
1405946
1422332
1422334
1422336
1422338
1405955
1422340
1422342
1405959
1422345
1405963
1422348
1405967
1422351
1422354
1405971
1422357
1405975
1422360
1422365
1405982
1422366
1422367
1422368
1422369
1422370
1405987
1422371
1422372
1422373
1422374
1422375
1405992
1422376
1422377
1422379
1405997
1422381
1422383
1422385
1406002
1422387
1422390
1406007
1422392
1422394
1422396
1422398
1406016
1422400
1406019
1422403
1422404
1422405
1406022
1422406
1422407
1422408
1406025
1422409
1406028
1422412
1406031
1422415
1422418
1406036
1422421
1406040
1422424
1406044
1422429
1422430
1422431
1406048
1422432
1422433
1422434
1422435
1406052
1422436
1422437
1422438
1422439
1406056
1422440
1422441
1422443
1422445
1406063
1422447
1422449
1406067
1422451
1422454
1406071
1422456
1422458
1406075
1422460
1422462
1406079
1422464
1406083
1422467
1422469
1422471
1422473
1406090
1422475
1422477
1406094
1422480
1406098
1422483
1406102
1422486
1422489
1406106
1422492
1406110
1422495
1422500
1406117
1422504
1406122
1422508
1406127
1422512
1406132
1422516
1422520
1406137
1406142
1422527
1422529
1422531
1422533
1406151
1422535
1422537
1406155
1422540
1422541
1422542
1406159
1422543
1422544
1422545
1422546
1406163
1422549
1406167
1422552
1406171
1422555
1422558
1422561
1406178
1406182
1422566
1422568
1406186
1422570
1422572
1406190
1422574
1422576
1406194
1422579
1422581
1406198
1422583
1422585
1422587
1406205
1422589
1422592
1406209
1422595
1406213
1422598
1406217
1422601
1422604
1406221
1422607
1406225
1422612
1422613
1422614
1422615
1406232
1422616
1422617
1422618
1406236
1422622
1406240
1422626
1406244
1422630
1406248
1422634
1406252
1422638
1406259
1422645
1406262
1422648
1406265
1422651
1406268
1422654
1406271
1422657
1406274
1422660
1406279
1422665
1422666
1406283
1422667
1422668
1422669
1422670
1406287
1422671
1422673
1406291
1422675
1422677
1406295
1422679
1422681
1406299
1422684
1422686
1422688
1406306
1422690
1422692
1406310
1422694
1422697
1406314
1422699
1422701
1406318
1422703
1422705
1406322
1422707
1406326
1422710
1422712
1422714
1422716
1406333
1422718
1422720
1406337
1422723
1406341
1422725
1422727
1406345
1422729
1422731
1406349
1422733
1422736
1406353
1422738
1422740
1422742
1406360
1422744
1422746
1406364
1422749
1422751
1406368
1422753
1422755
1406372
1422757
1422759
1406376
1422762
1422763
1406380
1422764
1422765
1422766
1422767
1422768
1406387
1422771
1406390
1422774
1406393
1422777
1406396
1422780
1406399
1422783
1406402
1422788
1422790
1406407
1422792
1406410
1422794
1422796
1406413
1422798
1406416
1422801
1422802
1406419
1422803
1422804
1422805
1406422
1422806
1422807
1422809
1406427
1422811
1422813
1406430
1422815
1406433
1422817
1406436
1422820
1406439
1422824
1406442
1422828
1406447
1422832
1406451
1422836
1406455
1422840
1406459
1406463
1422847
1422850
1406467
1422853
1422856
1406474
1422859
1406478
1422862
1406482
1422867
1422868
1422869
1406486
1422870
1422871
1422872
1422873
1406490
1422875
1422877
1406494
1422879
1422881
1422883
1406501
1422886
1406505
1422889
1422892
1406509
1422895
1406513
1422898
1406517
1422901
1406521
1422906
1422909
1406528
1422912
1406531
1422915
1406534
1422918
1406537
1422921
1406540
1422926
1406543
1422929
1406548
1422932
1406550
1422935
1406552
1406554
1422938
1406556
1422941
1406558
1406561
1422946
1406564
1406567
1422951
1406570
1422956
1406573
1406576
1422961
1406581
1422966
1406583
1406585
1406587
1422971
1406589
1406591
1406594
1422980
1406598
1422982
1422984
1406602
1422986
1422988
1406606
1422990
1422993
1406610
1422995
1422997
1406614
1422999
1423001
1423003
1406621
1423006
1423008
1406625
1423010
1423012
1406629
1423014
1423016
1406633
1423019
1406637
1423021
1423023
1406641
1423025
1423027
1423029
1406648
1423032
1423034
1406651
1423036
1406654
1423038
1423040
1406657
1423042
1406660
1423045
1406663
1423047
1423049
1423051
1406668
1423053
1406671
1423055
1406674
1423058
1406677
1423061
1406680
1423064
1406683
1423067
1423070
1406688
1423073
1406692
1423078
1423079
1406696
1423080
1423081
1423082
1423083
1406700
1423084
1423085
1423086
1423087
1406704
1423088
1423089
1423090
1406708
1423092
1423094
1423096
1423098
1406715
1423100
1406719
1423103
1423106
1406723
1423109
1406727
1423112
1406731
1423115
1423118
1406735
1423123
1423125
1406742
1423127
1406745
1423129
1423131
1406748
1423133
1406751
1423136
1423137
1406754
1423138
1423139
1423140
1406757
1423141
1423142
1423143
1423144
1423145
1406762
1423146
1423147
1423148
1406766
1423150
1423152
1406770
1423154
1423156
1406774
1423158
1423161
1406778
1423163
1423165
1406782
1423167
1423169
1423171
1406789
1423174
1406791
1423175
1423176
1406793
1423177
1423178
1406795
1423179
1423180
1406797
1423181
1423182
1406799
1423183
1423184
1423185
1406802
1423186
1423188
1406806
1423190
1423192
1406810
1423194
1423196
1406814
1423199
1423201
1406818
1423203
1423205
1406822
1423207
1423209
1423212
1406829
1423214
1406831
1423216
1406833
1423218
1406835
1423220
1406837
1423222
1406839
1423225
1406842
1423228
1406845
1423231
1406848
1423234
1406851
1423237
1406854
1423240
1406857
1423245
1406862
1423249
1406867
1423253
1406872
1423257
1406877
1423261
1423265
1406882
1406887
1423272
1423274
1423276
1423278
1406896
1423280
1423282
1406899
1423285
1406902
1423286
1423287
1423288
1406905
1423289
1423290
1423291
1406908
1423294
1406911
1423297
1406916
1423300
1406919
1423303
1406922
1423306
1406925
1423311
1406928
1423313
1406931
1423315
1423317
1423319
1406936
1423321
1423324
1406941
1423326
1423328
1406946
1423330
1423332
1423334
1406951
1423337
1423339
1406956
1423341
1423343
1406961
1423345
1423347
1423350
1423351
1423352
1423353
1406970
1423354
1423355
1423356
1406974
1423359
1406978
1423362
1423365
1406982
1423368
1406986
1423371
1406990
1423376
1423379
1406997
1423382
1407001
1423385
1423388
1407005
1423391
1407009
1423396
1407013
1423397
1423398
1423399
1423400
1407017
1423401
1423402
1423404
1423406
1407024
1423408
1423410
1407027
1423412
1407030
1423415
1407033
1423417
1423419
1407036
1423421
1407039
1423423
1423425
1407044
1423428
1423429
1423430
1423431
1423432
1407049
1423433
1423434
1423436
1407054
1423438
1423440
1423442
1407059
1423444
1423447
1407064
1423448
1423449
1423450
1423451
1423452
1407069
1423453
1423454
1423455
1423456
1423457
1423458
1423459
1423461
1407078
1423463
1407080
1423465
1407082
1423467
1407084
1423469
1407086
1407088
1423472
1423474
1407091
1423476
1423478
1407095
1423480
1423482
1407099
1423485
1407103
1423489
1407107
1423493
1407111
1423497
1423501
1407118
1407119
1407120
1407121
1423505
1407122
1407123
1407124
1407127
1423512
1407130
1423515
1407133
1423518
1407136
1423521
1407139
1423524
1423527
1407144
1407147
1423532
1423533
1407150
1423534
1423535
1423536
1407153
1423537
1423538
1407156
1423540
1423542
1407159
1423544
1423546
1407164
1423548
1423551
1407168
1423554
1407172
1423557
1407176
1423560
1423563
1407180
1423566
1407184
1423571
1423573
1407191
1423575
1423577
1423579
1407196
1423581
1423584
1407201
1423587
1407206
1423590
1423593
1407211
1423596
1423599
1407216
1423604
1407225
1423609
1407228
1423614
1407231
1407234
1423619
1407237
1407240
1423624
1407245
1423629
1407249
1407253
1423638
1423640
1407257
1423642
1423644
1407261
1423646
1423648
1407265
1423651
1423653
1423655
1407272
1423657
1423659
1407276
1423661
1407280
1423664
1423666
1407284
1423668
1423670
1407288
1423672
1423674
1407292
1423677
1423678
1423679
1423680
1423681
1423682
1407299
1423683
1423684
1423685
1423686
1407303
1423687
1423688
1423689
1407307
1423693
1407311
1423697
1407315
1423701
1407319
1423705
1423709
1407326
1407328
1407330
1407332
1423716
1407334
1423718
1407336
1423720
1423722
1407339
1423724
1423726
1407343
1423729
1407347
1423731
1423733
1407351
1423735
1423737
1407355
1423739
1423742
1407359
1423743
1423744
1423745
1423746
1423747
1423748
1423749
1407366
1423750
1423751
1423752
1423753
1407370
1423754
1423756
1407374
1423758
1423760
1407378
1423762
1423764
1407382
1423767
1423769
1407386
1423771
1423773
1423775
1407393
1423777
1407396
1423780
1423781
1423782
1407399
1423783
1423784
1423785
1407402
1423786
1423787
1423788
1407405
1423789
1423790
1423791
1407408
1423792
1423794
1423796
1407413
1423798
1423800
1407417
1423802
1407421
1423805
1423807
1407425
1423809
1423811
1407429
1423813
1423815
1407433
1423818
1423820
1423822
1407440
1423824
1423826
1423828
1407445
1423831
1407450
1423834
1423837
1407455
1423840
1423843
1407460
1423846
1407465
1423851
1423855
1407474
1423859
1407479
1423863
1423867
1407484
1423871
1407489
1407494
1423878
1423880
1423882
1407499
1423884
1423886
1423888
1423891
1407508
1423892
1423893
1423894
1423895
1407512
1423896
1423897
1407516
1423900
1423903
1407520
1423906
1407524
1423909
1407528
1423912
1423917
1407535
1423919
1423921
1407539
1423923
1423925
1407543
1423927
1423930
1407547
1423932
1423934
1407551
1423936
1423938
1407555
1423940
1423943
1407562
1423946
1423949
1407566
1423952
1407570
1423955
1407574
1423958
1407578
1423963
1423964
1423965
1407582
1423966
1423967
1423968
1423969
1407589
1423973
1423977
1407594
1423981
1407599
1423985
1407604
1423989
1407609
1423996
1407614
1423999
1424002
1424005
1407623
1424008
1424011
1407628
1424016
1407633
1424017
1424018
1424019
1424020
1424021
1407638
1424022
1424024
1424026
1407643
1424028
1424030
1407648
1424032
1424035
1424037
1424039
1407657
1424041
1424043
1407661
1424045
1424048
1407665
1424050
1424052
1407669
1424054
1424056
1407673
1424058
1407677
1424061
1424063
1424065
1424067
1407684
1424069
1424071
1407688
1424074
1407692
1424076
1424078
1407696
1424080
1424082
1407700
1424084
1424087
1407704
1424089
1424091
1424093
1407711
1424095
1424097
1407715
1424100
1424101
1424102
1407719
1424103
1424104
1424105
1424106
1407723
1424107
1424108
1424109
1424110
1407727
1424111
1424112
1407731
1424115
1424118
1424121
1407738
1424124
1407743
1424127
1407748
1424132
1424133
1424134
1424135
1424136
1407753
1424137
1424138
1407758
1424142
1424146
1407763
1424150
1424154
1407772
1424158
1407777
1424165
1407782
1424168
1407787
1424171
1424174
1407792
1424177
1424180
1407797
1424185
1424186
1424187
1424188
1424189
1407806
1424190
1424191
1424193
1407811
1424195
1424197
1424199
1407816
1424201
1424204
1407821
1424207
1407826
1424210
1424213
1407831
1424216
1424219
1407840
1424224
1424227
1407844
1424230
1407848
1424233
1407852
1424236
1424239
1407856
1407860
1424244
1424249
1407867
1424254
1407871
1407875
1424259
1407879
1424264
1407883
1424269
1407887
1407894
1424278
1424280
1407898
1424282
1424284
1407902
1424286
1424288
1407906
1424291
1424293
1407910
1424295
1424297
1407914
1424299
1424301
1424304
1407921
1424306
1424308
1407926
1424310
1424312
1424314
1407931
1424317
1424319
1407936
1424321
1424323
1407941
1424325
1424327
1407946
1424330
1424332
1424334
1424336
1424338
1407955
1424340
1424343
1407960
1424344
1424345
1424346
1424347
1424348
1407965
1424349
1424350
1424351
1424352
1424353
1407970
1424354
1424355
1424356
1424357
1424358
1407975
1424359
1424360
1424361
1407980
1424364
1424367
1424370
1407989
1424373
1424376
1407993
1407997
1424381
1424383
1408001
1424385
1424387
1408005
1424389
1424391
1408009
1424394
1424396
1424398
1408016
1424400
1424402
1408020
1424404
1424407
1408024
1424408
1424409
1424410
1424411
1408028
1424412
1424413
1424414
1424415
1408032
1424416
1424417
1424418
1424419
1408036
1424421
1424423
1424425
1408043
1424427
1424429
1408047
1424432
1424434
1408051
1424436
1424438
1408055
1424440
1424442
1408059
1424445
1424446
1408063
1424447
1424448
1424449
1424450
1424451
1408070
1424454
1424457
1408075
1424460
1424463
1408080
1424466
1408085
1424471
1424472
1424473
1408090
1424474
1424475
1424476
1424477
1424478
1408095
1424479
1424480
1424481
1424482
1424483
1424485
1424487
1408104
1424489
1424491
1408109
1424493
1424496
1408114
1424498
1424500
1424502
1408119
1424504
1424506
1408124
1424509
1424511
1408129
1424513
1424515
1424517
1424519
1408138
1424522
1424525
1408142
1424528
1408146
1424531
1408150
1424534
1424537
1408154
1408158
1424542
1424546
1408165
1424550
1408169
1424554
1408173
1424558
1408177
1424562
1408181
1408185
1424569
1424571
1424573
1424575
1408192
1424577
1424579
1408196
1424582
1424583
1408200
1424584
1424585
1424586
1424587
1408204
1424588
1424591
1408208
1424594
1408212
1424597
1424600
1408219
1424603
1408224
1424608
1424610
1424612
1408229
1424614
1424616
1408234
1424618
1424621
1408239
1424623
1424625
1424627
1408244
1424629
1424631
1424634
1424635
1424636
1408253
1424637
1424638
1424639
1424640
1408258
1424644
1408263
1424648
1408268
1424652
1424656
1408273
1424660
1408278
1424667
1424670
1408287
1424673
1408291
1424676
1408295
1424679
1424682
1408299
1408303
1424687
1424688
1424689
1424690
1408307
1424691
1424692
1424693
1424695
1424697
1408314
1424699
1424701
1408318
1424703
1408322
1424706
1424708
1408326
1424710
1424712
1408330
1424714
1424716
1408334
1424719
1424721
1424723
1408341
1424725
1424727
1408345
1424729
1424732
1408349
1424733
1424734
1424735
1424736
1408353
1424737
1424738
1424740
1408357
1424742
1424744
1408361
1424746
1424748
1424751
1408368
1424752
1424753
1424754
1424755
1424756
1408373
1424757
1424759
1424761
1408378
1424763
1424765
1408383
1424767
1424770
1424771
1408388
1424772
1424773
1424774
1424775
1424776
1408393
1424778
1424780
1424782
1424784
1408402
1424786
1424789
1408407
1424793
1408412
1424797
1408417
1424801
1424805
1408422
1424809
1408427
1424816
1424819
1408436
1424822
1408440
1424825
1408444
1424828
1424831
1408448
1408452
1424836
1424837
1424838
1424839
1408456
1424840
1424841
1424842
1424844
1424846
1408463
1424848
1424850
1408467
1424852
1408471
1424855
1424858
1408475
1424861
1408479
1424864
1408483
1424867
1424870
1408490
1424875
1408494
1424878
1424881
1408498
1424884
1408502
1424887
1408506
1424890
1408510
1424895
1424900
1408517
1424905
1408522
1424910
1408527
1424915
1408532
1424920
1408537
1408542
1424929
1424931
1424933
1408551
1424935
1424937
1424939
1408556
1424942
1424944
1408561
1424946
1424948
1408566
1424950
1424952
1408571
1424955
1424957
1424959
1408576
1424961
1424963
1424965
1424968
1408585
1424970
1424972
1408589
1424974
1424976
1408593
1424978
1408597
1424981
1424984
1408601
1424987
1408605
1424990
1424993
1408612
1424996
1408616
1425001
1425002
1425003
1408620
1425004
1425005
1425006
1425007
1408624
1425008
1425009
1425010
1425011
1408628
1425012
1425013
1408632
1425016
1425019
1425022
1408639
1425025
1408643
1425028
1408647
1425033
1408651
1425035
1425037
1408655
1425039
1425041
1408659
1425043
1425046
1425049
1408666
1425052
1408671
1425055
1425058
1408676
1425061
1408681
1425066
1425067
1425068
1425069
1408686
1425070
1425071
1425072
1425073
1425074
1408691
1425075
1425076
1425077
1425078
1425080
1425082
1408700
1425084
1425086
1408704
1425088
1425091
1408708
1425093
1425095
1408712
1425097
1425099
1408716
1425101
1408720
1425104
1425105
1425106
1425107
1425108
1425109
1425110
1408727
1425113
1408730
1425116
1408733
1425119
1408736
1425122
1408739
1425125
1408742
1425130
1408747
1425131
1425132
1408749
1425133
1425134
1408751
1425135
1425136
1408753
1425137
1425138
1408755
1425139
1425140
1408757
1425141
1425142
1408760
1425144
1425146
1408763
1425148
1408766
1425150
1425152
1408769
1425155
1408772
1425157
1425159
1408775
1425161
1425163
1408780
1425165
1408783
1425168
1425170
1408786
1425172
1408789
1425174
1425176
1408792
1425178
1408795
1425181
1425184
1408800
1425187
1408804
1425190
1408808
1425193
1425196
1408812
1408816
1425201
1408820
1425205
1425209
1408827
1425213
1408830
1425217
1408833
1408836
1425221
1408839
1408842
1425228
1425230
1408847
1425232
1425234
1408850
1425236
1408853
1425238
1408856
1425241
1425242
1425243
1408859
1425244
1425245
1425246
1408862
1425247
1425250
1408867
1425253
1408870
1425256
1408873
1425259
1408876
1425262
1408879
1408882
1425267
1425269
1425271
1408887
1425273
1408890
1425275
1425277
1408893
1425280
1408896
1425282
1408899
1425284
1425286
1408902
1425288
1425290
1408907
1425293
1408911
1425296
1425299
1408915
1425302
1408919
1425305
1408923
1425308
1408927
1425313
1425314
1425315
1425316
1425317
1425318
1408934
1425319
1408937
1425323
1408940
1425327
1408943
1408946
1425331
1408949
1425335
1408954
1425339
1408958
1425346
1408962
1425349
1408966
1425352
1408970
1425355
1425358
1408974
1425361
1408981
1425366
1425367
1425368
1425369
1425370
1408986
1425371
1425372
1425374
1408991
1425376
1425378
1425380
1408996
1425382
1425385
1409001
1425387
1425389
1409006
1425391
1425393
1425395
1425398
1409015
1425400
1425402
1409019
1425404
1425406
1409023
)


// ************************************************************************* //
